     512
       0       0
     250       0
     500       0
     750       0
    1000       0
    1250       0
    1500       0
    1750       0
    2000       0
    2250       0
    2500       0
    2750       0
    3000       0
    3250       0
    3500       0
    3750       0
    4000       0
    4250       0
    4500       0
    4750       0
    5000       0
    5250       0
    5500       0
    5750       0
    6000       0
    6250       0
    6500       0
    6750       0
    7000       0
    7250       0
    7500       0
    7750       0
    8000       0
    8250       0
    8500       0
    8750       0
    9000       0
    9250       0
    9500       0
    9750       0
   10000       0
   10250       0
   10500       0
   10750       0
   11000       0
   11250       0
   11500       0
   11750       0
   12000       0
   12250       0
   12500       0
   12750       0
   13000       0
   13250       0
   13500       0
   13750       0
   14000       0
   14250       0
   14500       0
   14750       0
   15000       0
   15250       0
   15500       0
   15750       0
   16000       0
   16250       0
   16500       0
   16750       0
   17000       0
   17250       0
   17500       0
   17750       0
   18000       0
   18250       0
   18500       0
   18750       0
   19000       0
   19250       0
   19500       0
   19750       0
   20000       0
   20250       0
   20500       0
   20750       0
   21000       0
   21250       0
   21500       0
   21750       0
   22000       0
   22250       0
   22500       0
   22750       0
   23000       0
   23250       0
   23500       0
   23750       0
   24000       0
   24250       0
   24500       0
   24750       0
   25000       0
   25250       0
   25500       0
   25750       0
   26000       0
   26250       0
   26500       0
   26750       0
   27000       0
   27250       0
   27500       0
   27750       0
   28000       0
   28250       0
   28500       0
   28750       0
   29000       0
   29250       0
   29500       0
   29750       0
   30000       0
   30250       0
   30500       0
   30750       0
   31000       0
   31250       0
   31500       0
   31750       0
       0    7000
     250    7000
     500    7000
     750    7000
    1000    7000
    1250    7000
    1500    7000
    1750    7000
    2000    7000
    2250    7000
    2500    7000
    2750    7000
    3000    7000
    3250    7000
    3500    7000
    3750    7000
    4000    7000
    4250    7000
    4500    7000
    4750    7000
    5000    7000
    5250    7000
    5500    7000
    5750    7000
    6000    7000
    6250    7000
    6500    7000
    6750    7000
    7000    7000
    7250    7000
    7500    7000
    7750    7000
    8000    7000
    8250    7000
    8500    7000
    8750    7000
    9000    7000
    9250    7000
    9500    7000
    9750    7000
   10000    7000
   10250    7000
   10500    7000
   10750    7000
   11000    7000
   11250    7000
   11500    7000
   11750    7000
   12000    7000
   12250    7000
   12500    7000
   12750    7000
   13000    7000
   13250    7000
   13500    7000
   13750    7000
   14000    7000
   14250    7000
   14500    7000
   14750    7000
   15000    7000
   15250    7000
   15500    7000
   15750    7000
   16000    7000
   16250    7000
   16500    7000
   16750    7000
   17000    7000
   17250    7000
   17500    7000
   17750    7000
   18000    7000
   18250    7000
   18500    7000
   18750    7000
   19000    7000
   19250    7000
   19500    7000
   19750    7000
   20000    7000
   20250    7000
   20500    7000
   20750    7000
   21000    7000
   21250    7000
   21500    7000
   21750    7000
   22000    7000
   22250    7000
   22500    7000
   22750    7000
   23000    7000
   23250    7000
   23500    7000
   23750    7000
   24000    7000
   24250    7000
   24500    7000
   24750    7000
   25000    7000
   25250    7000
   25500    7000
   25750    7000
   26000    7000
   26250    7000
   26500    7000
   26750    7000
   27000    7000
   27250    7000
   27500    7000
   27750    7000
   28000    7000
   28250    7000
   28500    7000
   28750    7000
   29000    7000
   29250    7000
   29500    7000
   29750    7000
   30000    7000
   30250    7000
   30500    7000
   30750    7000
   31000    7000
   31250    7000
   31500    7000
   31750    7000
       0   14000
     250   14000
     500   14000
     750   14000
    1000   14000
    1250   14000
    1500   14000
    1750   14000
    2000   14000
    2250   14000
    2500   14000
    2750   14000
    3000   14000
    3250   14000
    3500   14000
    3750   14000
    4000   14000
    4250   14000
    4500   14000
    4750   14000
    5000   14000
    5250   14000
    5500   14000
    5750   14000
    6000   14000
    6250   14000
    6500   14000
    6750   14000
    7000   14000
    7250   14000
    7500   14000
    7750   14000
    8000   14000
    8250   14000
    8500   14000
    8750   14000
    9000   14000
    9250   14000
    9500   14000
    9750   14000
   10000   14000
   10250   14000
   10500   14000
   10750   14000
   11000   14000
   11250   14000
   11500   14000
   11750   14000
   12000   14000
   12250   14000
   12500   14000
   12750   14000
   13000   14000
   13250   14000
   13500   14000
   13750   14000
   14000   14000
   14250   14000
   14500   14000
   14750   14000
   15000   14000
   15250   14000
   15500   14000
   15750   14000
   16000   14000
   16250   14000
   16500   14000
   16750   14000
   17000   14000
   17250   14000
   17500   14000
   17750   14000
   18000   14000
   18250   14000
   18500   14000
   18750   14000
   19000   14000
   19250   14000
   19500   14000
   19750   14000
   20000   14000
   20250   14000
   20500   14000
   20750   14000
   21000   14000
   21250   14000
   21500   14000
   21750   14000
   22000   14000
   22250   14000
   22500   14000
   22750   14000
   23000   14000
   23250   14000
   23500   14000
   23750   14000
   24000   14000
   24250   14000
   24500   14000
   24750   14000
   25000   14000
   25250   14000
   25500   14000
   25750   14000
   26000   14000
   26250   14000
   26500   14000
   26750   14000
   27000   14000
   27250   14000
   27500   14000
   27750   14000
   28000   14000
   28250   14000
   28500   14000
   28750   14000
   29000   14000
   29250   14000
   29500   14000
   29750   14000
   30000   14000
   30250   14000
   30500   14000
   30750   14000
   31000   14000
   31250   14000
   31500   14000
   31750   14000
       0   21000
     250   21000
     500   21000
     750   21000
    1000   21000
    1250   21000
    1500   21000
    1750   21000
    2000   21000
    2250   21000
    2500   21000
    2750   21000
    3000   21000
    3250   21000
    3500   21000
    3750   21000
    4000   21000
    4250   21000
    4500   21000
    4750   21000
    5000   21000
    5250   21000
    5500   21000
    5750   21000
    6000   21000
    6250   21000
    6500   21000
    6750   21000
    7000   21000
    7250   21000
    7500   21000
    7750   21000
    8000   21000
    8250   21000
    8500   21000
    8750   21000
    9000   21000
    9250   21000
    9500   21000
    9750   21000
   10000   21000
   10250   21000
   10500   21000
   10750   21000
   11000   21000
   11250   21000
   11500   21000
   11750   21000
   12000   21000
   12250   21000
   12500   21000
   12750   21000
   13000   21000
   13250   21000
   13500   21000
   13750   21000
   14000   21000
   14250   21000
   14500   21000
   14750   21000
   15000   21000
   15250   21000
   15500   21000
   15750   21000
   16000   21000
   16250   21000
   16500   21000
   16750   21000
   17000   21000
   17250   21000
   17500   21000
   17750   21000
   18000   21000
   18250   21000
   18500   21000
   18750   21000
   19000   21000
   19250   21000
   19500   21000
   19750   21000
   20000   21000
   20250   21000
   20500   21000
   20750   21000
   21000   21000
   21250   21000
   21500   21000
   21750   21000
   22000   21000
   22250   21000
   22500   21000
   22750   21000
   23000   21000
   23250   21000
   23500   21000
   23750   21000
   24000   21000
   24250   21000
   24500   21000
   24750   21000
   25000   21000
   25250   21000
   25500   21000
   25750   21000
   26000   21000
   26250   21000
   26500   21000
   26750   21000
   27000   21000
   27250   21000
   27500   21000
   27750   21000
   28000   21000
   28250   21000
   28500   21000
   28750   21000
   29000   21000
   29250   21000
   29500   21000
   29750   21000
   30000   21000
   30250   21000
   30500   21000
   30750   21000
   31000   21000
   31250   21000
   31500   21000
   31750   21000
