1024
       0       0
     120       0
     240       0
     360       0
     480       0
     600       0
     720       0
     840       0
     960       0
    1080       0
    1200       0
    1320       0
    1440       0
    1560       0
    1680       0
    1800       0
    1920       0
    2040       0
    2160       0
    2280       0
    2400       0
    2520       0
    2640       0
    2760       0
    2880       0
    3000       0
    3120       0
    3240       0
    3360       0
    3480       0
    3600       0
    3720       0
    3840       0
    3960       0
    4080       0
    4200       0
    4320       0
    4440       0
    4560       0
    4680       0
    4800       0
    4920       0
    5040       0
    5160       0
    5280       0
    5400       0
    5520       0
    5640       0
    5760       0
    5880       0
    6000       0
    6120       0
    6240       0
    6360       0
    6480       0
    6600       0
    6720       0
    6840       0
    6960       0
    7080       0
    7200       0
    7320       0
    7440       0
    7560       0
    7680       0
    7800       0
    7920       0
    8040       0
    8160       0
    8280       0
    8400       0
    8520       0
    8640       0
    8760       0
    8880       0
    9000       0
    9120       0
    9240       0
    9360       0
    9480       0
    9600       0
    9720       0
    9840       0
    9960       0
   10080       0
   10200       0
   10320       0
   10440       0
   10560       0
   10680       0
   10800       0
   10920       0
   11040       0
   11160       0
   11280       0
   11400       0
   11520       0
   11640       0
   11760       0
   11880       0
   12000       0
   12120       0
   12240       0
   12360       0
   12480       0
   12600       0
   12720       0
   12840       0
   12960       0
   13080       0
   13200       0
   13320       0
   13440       0
   13560       0
   13680       0
   13800       0
   13920       0
   14040       0
   14160       0
   14280       0
   14400       0
   14520       0
   14640       0
   14760       0
   14880       0
   15000       0
   15120       0
   15240       0
   15360       0
   15480       0
   15600       0
   15720       0
   15840       0
   15960       0
   16080       0
   16200       0
   16320       0
   16440       0
   16560       0
   16680       0
   16800       0
   16920       0
   17040       0
   17160       0
   17280       0
   17400       0
   17520       0
   17640       0
   17760       0
   17880       0
   18000       0
   18120       0
   18240       0
   18360       0
   18480       0
   18600       0
   18720       0
   18840       0
   18960       0
   19080       0
   19200       0
   19320       0
   19440       0
   19560       0
   19680       0
   19800       0
   19920       0
   20040       0
   20160       0
   20280       0
   20400       0
   20520       0
   20640       0
   20760       0
   20880       0
   21000       0
   21120       0
   21240       0
   21360       0
   21480       0
   21600       0
   21720       0
   21840       0
   21960       0
   22080       0
   22200       0
   22320       0
   22440       0
   22560       0
   22680       0
   22800       0
   22920       0
   23040       0
   23160       0
   23280       0
   23400       0
   23520       0
   23640       0
   23760       0
   23880       0
   24000       0
   24120       0
   24240       0
   24360       0
   24480       0
   24600       0
   24720       0
   24840       0
   24960       0
   25080       0
   25200       0
   25320       0
   25440       0
   25560       0
   25680       0
   25800       0
   25920       0
   26040       0
   26160       0
   26280       0
   26400       0
   26520       0
   26640       0
   26760       0
   26880       0
   27000       0
   27120       0
   27240       0
   27360       0
   27480       0
   27600       0
   27720       0
   27840       0
   27960       0
   28080       0
   28200       0
   28320       0
   28440       0
   28560       0
   28680       0
   28800       0
   28920       0
   29040       0
   29160       0
   29280       0
   29400       0
   29520       0
   29640       0
   29760       0
   29880       0
   30000       0
   30120       0
   30240       0
   30360       0
   30480       0
   30600       0
       0    7000
     120    7000
     240    7000
     360    7000
     480    7000
     600    7000
     720    7000
     840    7000
     960    7000
    1080    7000
    1200    7000
    1320    7000
    1440    7000
    1560    7000
    1680    7000
    1800    7000
    1920    7000
    2040    7000
    2160    7000
    2280    7000
    2400    7000
    2520    7000
    2640    7000
    2760    7000
    2880    7000
    3000    7000
    3120    7000
    3240    7000
    3360    7000
    3480    7000
    3600    7000
    3720    7000
    3840    7000
    3960    7000
    4080    7000
    4200    7000
    4320    7000
    4440    7000
    4560    7000
    4680    7000
    4800    7000
    4920    7000
    5040    7000
    5160    7000
    5280    7000
    5400    7000
    5520    7000
    5640    7000
    5760    7000
    5880    7000
    6000    7000
    6120    7000
    6240    7000
    6360    7000
    6480    7000
    6600    7000
    6720    7000
    6840    7000
    6960    7000
    7080    7000
    7200    7000
    7320    7000
    7440    7000
    7560    7000
    7680    7000
    7800    7000
    7920    7000
    8040    7000
    8160    7000
    8280    7000
    8400    7000
    8520    7000
    8640    7000
    8760    7000
    8880    7000
    9000    7000
    9120    7000
    9240    7000
    9360    7000
    9480    7000
    9600    7000
    9720    7000
    9840    7000
    9960    7000
   10080    7000
   10200    7000
   10320    7000
   10440    7000
   10560    7000
   10680    7000
   10800    7000
   10920    7000
   11040    7000
   11160    7000
   11280    7000
   11400    7000
   11520    7000
   11640    7000
   11760    7000
   11880    7000
   12000    7000
   12120    7000
   12240    7000
   12360    7000
   12480    7000
   12600    7000
   12720    7000
   12840    7000
   12960    7000
   13080    7000
   13200    7000
   13320    7000
   13440    7000
   13560    7000
   13680    7000
   13800    7000
   13920    7000
   14040    7000
   14160    7000
   14280    7000
   14400    7000
   14520    7000
   14640    7000
   14760    7000
   14880    7000
   15000    7000
   15120    7000
   15240    7000
   15360    7000
   15480    7000
   15600    7000
   15720    7000
   15840    7000
   15960    7000
   16080    7000
   16200    7000
   16320    7000
   16440    7000
   16560    7000
   16680    7000
   16800    7000
   16920    7000
   17040    7000
   17160    7000
   17280    7000
   17400    7000
   17520    7000
   17640    7000
   17760    7000
   17880    7000
   18000    7000
   18120    7000
   18240    7000
   18360    7000
   18480    7000
   18600    7000
   18720    7000
   18840    7000
   18960    7000
   19080    7000
   19200    7000
   19320    7000
   19440    7000
   19560    7000
   19680    7000
   19800    7000
   19920    7000
   20040    7000
   20160    7000
   20280    7000
   20400    7000
   20520    7000
   20640    7000
   20760    7000
   20880    7000
   21000    7000
   21120    7000
   21240    7000
   21360    7000
   21480    7000
   21600    7000
   21720    7000
   21840    7000
   21960    7000
   22080    7000
   22200    7000
   22320    7000
   22440    7000
   22560    7000
   22680    7000
   22800    7000
   22920    7000
   23040    7000
   23160    7000
   23280    7000
   23400    7000
   23520    7000
   23640    7000
   23760    7000
   23880    7000
   24000    7000
   24120    7000
   24240    7000
   24360    7000
   24480    7000
   24600    7000
   24720    7000
   24840    7000
   24960    7000
   25080    7000
   25200    7000
   25320    7000
   25440    7000
   25560    7000
   25680    7000
   25800    7000
   25920    7000
   26040    7000
   26160    7000
   26280    7000
   26400    7000
   26520    7000
   26640    7000
   26760    7000
   26880    7000
   27000    7000
   27120    7000
   27240    7000
   27360    7000
   27480    7000
   27600    7000
   27720    7000
   27840    7000
   27960    7000
   28080    7000
   28200    7000
   28320    7000
   28440    7000
   28560    7000
   28680    7000
   28800    7000
   28920    7000
   29040    7000
   29160    7000
   29280    7000
   29400    7000
   29520    7000
   29640    7000
   29760    7000
   29880    7000
   30000    7000
   30120    7000
   30240    7000
   30360    7000
   30480    7000
   30600    7000
       0   14000
     120   14000
     240   14000
     360   14000
     480   14000
     600   14000
     720   14000
     840   14000
     960   14000
    1080   14000
    1200   14000
    1320   14000
    1440   14000
    1560   14000
    1680   14000
    1800   14000
    1920   14000
    2040   14000
    2160   14000
    2280   14000
    2400   14000
    2520   14000
    2640   14000
    2760   14000
    2880   14000
    3000   14000
    3120   14000
    3240   14000
    3360   14000
    3480   14000
    3600   14000
    3720   14000
    3840   14000
    3960   14000
    4080   14000
    4200   14000
    4320   14000
    4440   14000
    4560   14000
    4680   14000
    4800   14000
    4920   14000
    5040   14000
    5160   14000
    5280   14000
    5400   14000
    5520   14000
    5640   14000
    5760   14000
    5880   14000
    6000   14000
    6120   14000
    6240   14000
    6360   14000
    6480   14000
    6600   14000
    6720   14000
    6840   14000
    6960   14000
    7080   14000
    7200   14000
    7320   14000
    7440   14000
    7560   14000
    7680   14000
    7800   14000
    7920   14000
    8040   14000
    8160   14000
    8280   14000
    8400   14000
    8520   14000
    8640   14000
    8760   14000
    8880   14000
    9000   14000
    9120   14000
    9240   14000
    9360   14000
    9480   14000
    9600   14000
    9720   14000
    9840   14000
    9960   14000
   10080   14000
   10200   14000
   10320   14000
   10440   14000
   10560   14000
   10680   14000
   10800   14000
   10920   14000
   11040   14000
   11160   14000
   11280   14000
   11400   14000
   11520   14000
   11640   14000
   11760   14000
   11880   14000
   12000   14000
   12120   14000
   12240   14000
   12360   14000
   12480   14000
   12600   14000
   12720   14000
   12840   14000
   12960   14000
   13080   14000
   13200   14000
   13320   14000
   13440   14000
   13560   14000
   13680   14000
   13800   14000
   13920   14000
   14040   14000
   14160   14000
   14280   14000
   14400   14000
   14520   14000
   14640   14000
   14760   14000
   14880   14000
   15000   14000
   15120   14000
   15240   14000
   15360   14000
   15480   14000
   15600   14000
   15720   14000
   15840   14000
   15960   14000
   16080   14000
   16200   14000
   16320   14000
   16440   14000
   16560   14000
   16680   14000
   16800   14000
   16920   14000
   17040   14000
   17160   14000
   17280   14000
   17400   14000
   17520   14000
   17640   14000
   17760   14000
   17880   14000
   18000   14000
   18120   14000
   18240   14000
   18360   14000
   18480   14000
   18600   14000
   18720   14000
   18840   14000
   18960   14000
   19080   14000
   19200   14000
   19320   14000
   19440   14000
   19560   14000
   19680   14000
   19800   14000
   19920   14000
   20040   14000
   20160   14000
   20280   14000
   20400   14000
   20520   14000
   20640   14000
   20760   14000
   20880   14000
   21000   14000
   21120   14000
   21240   14000
   21360   14000
   21480   14000
   21600   14000
   21720   14000
   21840   14000
   21960   14000
   22080   14000
   22200   14000
   22320   14000
   22440   14000
   22560   14000
   22680   14000
   22800   14000
   22920   14000
   23040   14000
   23160   14000
   23280   14000
   23400   14000
   23520   14000
   23640   14000
   23760   14000
   23880   14000
   24000   14000
   24120   14000
   24240   14000
   24360   14000
   24480   14000
   24600   14000
   24720   14000
   24840   14000
   24960   14000
   25080   14000
   25200   14000
   25320   14000
   25440   14000
   25560   14000
   25680   14000
   25800   14000
   25920   14000
   26040   14000
   26160   14000
   26280   14000
   26400   14000
   26520   14000
   26640   14000
   26760   14000
   26880   14000
   27000   14000
   27120   14000
   27240   14000
   27360   14000
   27480   14000
   27600   14000
   27720   14000
   27840   14000
   27960   14000
   28080   14000
   28200   14000
   28320   14000
   28440   14000
   28560   14000
   28680   14000
   28800   14000
   28920   14000
   29040   14000
   29160   14000
   29280   14000
   29400   14000
   29520   14000
   29640   14000
   29760   14000
   29880   14000
   30000   14000
   30120   14000
   30240   14000
   30360   14000
   30480   14000
   30600   14000
       0   21000
     120   21000
     240   21000
     360   21000
     480   21000
     600   21000
     720   21000
     840   21000
     960   21000
    1080   21000
    1200   21000
    1320   21000
    1440   21000
    1560   21000
    1680   21000
    1800   21000
    1920   21000
    2040   21000
    2160   21000
    2280   21000
    2400   21000
    2520   21000
    2640   21000
    2760   21000
    2880   21000
    3000   21000
    3120   21000
    3240   21000
    3360   21000
    3480   21000
    3600   21000
    3720   21000
    3840   21000
    3960   21000
    4080   21000
    4200   21000
    4320   21000
    4440   21000
    4560   21000
    4680   21000
    4800   21000
    4920   21000
    5040   21000
    5160   21000
    5280   21000
    5400   21000
    5520   21000
    5640   21000
    5760   21000
    5880   21000
    6000   21000
    6120   21000
    6240   21000
    6360   21000
    6480   21000
    6600   21000
    6720   21000
    6840   21000
    6960   21000
    7080   21000
    7200   21000
    7320   21000
    7440   21000
    7560   21000
    7680   21000
    7800   21000
    7920   21000
    8040   21000
    8160   21000
    8280   21000
    8400   21000
    8520   21000
    8640   21000
    8760   21000
    8880   21000
    9000   21000
    9120   21000
    9240   21000
    9360   21000
    9480   21000
    9600   21000
    9720   21000
    9840   21000
    9960   21000
   10080   21000
   10200   21000
   10320   21000
   10440   21000
   10560   21000
   10680   21000
   10800   21000
   10920   21000
   11040   21000
   11160   21000
   11280   21000
   11400   21000
   11520   21000
   11640   21000
   11760   21000
   11880   21000
   12000   21000
   12120   21000
   12240   21000
   12360   21000
   12480   21000
   12600   21000
   12720   21000
   12840   21000
   12960   21000
   13080   21000
   13200   21000
   13320   21000
   13440   21000
   13560   21000
   13680   21000
   13800   21000
   13920   21000
   14040   21000
   14160   21000
   14280   21000
   14400   21000
   14520   21000
   14640   21000
   14760   21000
   14880   21000
   15000   21000
   15120   21000
   15240   21000
   15360   21000
   15480   21000
   15600   21000
   15720   21000
   15840   21000
   15960   21000
   16080   21000
   16200   21000
   16320   21000
   16440   21000
   16560   21000
   16680   21000
   16800   21000
   16920   21000
   17040   21000
   17160   21000
   17280   21000
   17400   21000
   17520   21000
   17640   21000
   17760   21000
   17880   21000
   18000   21000
   18120   21000
   18240   21000
   18360   21000
   18480   21000
   18600   21000
   18720   21000
   18840   21000
   18960   21000
   19080   21000
   19200   21000
   19320   21000
   19440   21000
   19560   21000
   19680   21000
   19800   21000
   19920   21000
   20040   21000
   20160   21000
   20280   21000
   20400   21000
   20520   21000
   20640   21000
   20760   21000
   20880   21000
   21000   21000
   21120   21000
   21240   21000
   21360   21000
   21480   21000
   21600   21000
   21720   21000
   21840   21000
   21960   21000
   22080   21000
   22200   21000
   22320   21000
   22440   21000
   22560   21000
   22680   21000
   22800   21000
   22920   21000
   23040   21000
   23160   21000
   23280   21000
   23400   21000
   23520   21000
   23640   21000
   23760   21000
   23880   21000
   24000   21000
   24120   21000
   24240   21000
   24360   21000
   24480   21000
   24600   21000
   24720   21000
   24840   21000
   24960   21000
   25080   21000
   25200   21000
   25320   21000
   25440   21000
   25560   21000
   25680   21000
   25800   21000
   25920   21000
   26040   21000
   26160   21000
   26280   21000
   26400   21000
   26520   21000
   26640   21000
   26760   21000
   26880   21000
   27000   21000
   27120   21000
   27240   21000
   27360   21000
   27480   21000
   27600   21000
   27720   21000
   27840   21000
   27960   21000
   28080   21000
   28200   21000
   28320   21000
   28440   21000
   28560   21000
   28680   21000
   28800   21000
   28920   21000
   29040   21000
   29160   21000
   29280   21000
   29400   21000
   29520   21000
   29640   21000
   29760   21000
   29880   21000
   30000   21000
   30120   21000
   30240   21000
   30360   21000
   30480   21000
   30600   21000
